"wage" "school" "expr" "public" "female" "industry"
"1" 81 15 17 0 1 63
"2" 77 12 10 1 1 93
"3" 63 10 18 0 1 71
"4" 84 15 16 1 1 34
"5" 110 16 13 0 0 83
"6" 151 18 15 0 0 38
"7" 59 11 19 1 1 82
"8" 109 12 20 0 0 50
"9" 159 10 21 0 1 71
"10" 71 11 20 0 0 37
"11" 62 12 12 1 1 93
"12" 88 10 20 0 0 12
"13" 71 15 16 1 1 93
"14" 76 13 15 1 1 93
"15" 65 12 20 1 0 93
"16" 67 11 15 1 0 93
"17" 78 12 17 1 1 93
"18" 64 11 18 0 1 61
"19" 77 11 19 0 0 50
"20" 64 9 21 0 1 31
"21" 67 9 20 0 0 34
"22" 67 11 20 0 0 62
"23" 115 13 17 0 1 83
"24" 65 9 16 0 1 82
"25" 80 12 20 1 1 72
"26" 80 13 14 1 0 91
"27" 104 16 16 1 0 91
"28" 82 16 14 1 1 93
"29" 45 7 14 1 1 93
"30" 89 13 17 0 0 50
"31" 161 11 19 0 1 81
"32" 71 13 18 1 1 82
"33" 61 9 21 0 0 33
"34" 69 12 20 1 1 93
"35" 80 9 22 0 0 34
"36" 98 10 22 0 0 34
"37" 87 14 15 1 1 93
"38" 56 8 18 0 1 93
"39" 64 10 18 1 1 93
"40" 126 14 17 0 0 82
"41" 81 11 18 0 0 38
"42" 71 13 18 1 1 72
"43" 170 16 14 1 0 83
"44" 78 9 21 0 0 83
"45" 80 14 18 1 0 72
"46" 59 9 10 1 1 93
"47" 84 15 13 1 1 93
"48" 61 9 18 0 1 93
"49" 80 12 18 0 0 38
"50" 77 11 18 1 1 93
"51" 71 12 17 0 0 71
"52" 59 12 18 1 1 93
"53" 65 14 6 1 1 93
"54" 65 11 21 1 1 93
"55" 23 9 21 0 1 38
"56" 78 13 17 0 1 71
"57" 98 13 16 0 0 38
"58" 104 14 17 1 1 93
"59" 54 10 14 1 1 93
"60" 84 14 15 1 1 91
"61" 65 10 8 0 1 38
"62" 151 12 16 0 0 82
"63" 91 13 16 0 0 81
"64" 54 11 20 0 0 63
"65" 117 16 15 1 0 91
"66" 74 13 15 0 1 50
"67" 71 15 15 1 1 34
"68" 95 11 20 0 0 95
"69" 81 13 17 1 0 50
"70" 76 9 21 1 0 72
"71" 78 14 14 1 1 93
"72" 51 11 8 0 1 62
"73" 61 10 18 1 1 35
"74" 74 10 18 1 1 93
"75" 92 12 16 0 0 93
"76" 80 14 15 0 1 50
"77" 87 11 18 1 0 83
"78" 84 12 18 0 0 38
"79" 104 13 17 0 0 50
"80" 76 10 17 0 1 38
"81" 71 12 16 0 1 62
"82" 82 17 12 1 1 93
"83" 104 14 15 0 0 50
"84" 74 10 18 0 0 38
"85" 78 16 17 1 0 83
"86" 73 11 18 1 0 93
"87" 64 11 17 1 1 93
"88" 121 16 12 0 0 41
"89" 116 12 17 0 0 50
"90" 69 11 19 0 0 33
"91" 68 11 15 1 0 71
"92" 218 16 12 0 0 71
"93" 96 8 3 0 1 34
"94" 98 12 16 0 0 50
"95" 133 15 11 0 0 83
"96" 83 12 19 1 0 93
"97" 100 14 15 0 1 62
"98" 133 16 11 0 0 38
"99" 71 13 13 1 1 93
"100" 65 15 12 1 1 93
"101" 87 9 20 0 0 50
"102" 104 16 10 0 0 93
"103" 82 11 19 0 0 50
"104" 89 11 13 1 1 93
"105" 74 13 15 1 1 93
"106" 71 11 17 1 1 94
"107" 64 13 13 1 1 93
"108" 82 22 5 1 0 93
"109" 69 9 16 0 1 94
"110" 65 11 18 0 1 31
"111" 77 11 16 1 1 72
"112" 91 13 14 0 0 50
"113" 55 13 15 0 0 31
"114" 76 14 14 0 0 33
"115" 62 11 18 1 1 72
"116" 67 11 18 1 1 93
"117" 76 13 15 1 0 71
"118" 109 14 16 1 0 91
"119" 133 10 19 0 0 34
"120" 74 11 18 1 0 72
"121" 115 15 14 0 0 50
"122" 69 11 18 0 1 20
"123" 71 12 14 0 1 93
"124" 64 18 7 1 1 93
"125" 141 16 11 0 1 62
"126" 64 10 15 1 1 93
"127" 88 13 16 0 1 81
"128" 80 11 16 1 1 93
"129" 98 11 16 0 0 62
"130" 64 11 15 1 1 93
"131" 173 15 10 0 0 71
"132" 59 9 11 1 1 93
"133" 76 11 15 1 1 93
"134" 63 11 12 1 1 93
"135" 161 16 10 0 0 93
"136" 59 11 14 1 1 93
"137" 67 9 18 0 1 11
"138" 62 12 15 0 0 61
"139" 54 7 17 0 1 92
"140" 63 11 7 1 1 93
"141" 104 11 15 1 0 91
"142" 132 17 10 0 0 34
"143" 87 10 16 1 1 93
"144" 69 9 17 0 1 35
"145" 82 9 9 0 1 71
"146" 73 10 17 1 1 93
"147" 71 9 20 0 1 50
"148" 74 13 13 1 1 93
"149" 64 9 19 0 0 71
"150" 53 11 16 1 1 91
"151" 95 11 17 0 0 50
"152" 82 13 17 1 0 93
"153" 43 14 10 0 1 93
"154" 74 15 14 1 0 93
"155" 59 11 13 1 1 93
"156" 78 11 16 0 0 41
"157" 59 11 18 1 1 93
"158" 68 9 10 1 1 93
"159" 132 9 10 1 1 91
"160" 71 9 18 0 1 34
"161" 218 15 12 0 0 83
"162" 69 12 15 0 0 33
"163" 64 13 13 1 1 93
"164" 68 10 13 1 1 93
"165" 56 10 11 1 0 38
"166" 148 12 14 0 0 71
"167" 65 11 16 0 0 38
"168" 82 9 19 0 0 61
"169" 61 10 16 1 1 92
"170" 68 13 8 1 1 93
"171" 64 12 14 1 1 93
"172" 84 17 9 1 0 93
"173" 83 12 14 0 0 50
"174" 64 13 14 1 1 93
"175" 87 11 16 1 0 71
"176" 109 17 8 0 0 93
"177" 96 9 10 1 1 93
"178" 68 12 13 0 0 34
"179" 64 14 9 1 0 94
"180" 55 9 12 0 1 34
"181" 59 9 15 1 1 93
"182" 65 10 15 1 1 93
"183" 83 12 16 0 0 12
"184" 69 11 16 1 0 94
"185" 62 12 12 0 1 31
"186" 98 19 5 0 1 83
"187" 43 10 15 1 1 93
"188" 71 10 4 0 1 32
"189" 207 15 10 0 1 93
"190" 67 9 18 1 0 91
"191" 117 11 15 0 0 81
"192" 65 11 13 1 1 93
"193" 92 13 12 0 0 34
"194" 80 13 9 1 1 93
"195" 83 11 10 1 0 93
"196" 76 16 9 1 1 93
"197" 144 13 14 0 1 83
"198" 58 10 13 0 1 35
"199" 77 17 7 1 0 91
"200" 88 13 10 1 1 93
"201" 104 13 12 0 0 92
"202" 115 11 16 0 0 62
"203" 93 17 6 1 0 91
"204" 58 10 13 0 1 38
"205" 107 15 8 0 0 38
"206" 54 11 14 0 1 50
"207" 84 9 15 0 1 81
"208" 98 12 14 0 0 71
"209" 76 13 14 1 1 93
"210" 110 16 9 1 0 91
"211" 64 12 13 1 1 93
"212" 80 16 12 0 0 94
"213" 71 13 11 1 1 93
"214" 71 14 12 1 1 93
"215" 82 15 10 1 1 93
"216" 68 11 14 0 0 95
"217" 61 10 17 1 1 93
"218" 189 14 12 0 1 61
"219" 63 12 13 0 1 92
"220" 95 15 18 0 1 83
"221" 101 12 13 0 0 38
"222" 61 14 11 1 0 93
"223" 91 11 15 0 0 34
"224" 104 9 17 0 1 71
"225" 63 12 10 1 1 93
"226" 81 11 14 1 1 93
"227" 64 10 14 1 1 93
"228" 109 13 13 1 0 91
"229" 54 11 14 0 0 38
"230" 78 11 15 1 0 72
"231" 54 15 10 0 1 71
"232" 83 13 18 1 0 93
"233" 64 10 15 0 0 33
"234" 78 12 12 1 0 93
"235" 76 9 7 1 1 72
"236" 74 12 8 0 0 94
"237" 51 10 15 0 1 62
"238" 106 11 15 0 0 34
"239" 74 11 15 1 1 93
"240" 54 9 6 0 1 63
"241" 54 14 12 1 1 93
"242" 59 13 11 1 1 93
"243" 62 13 12 1 1 93
"244" 62 9 13 1 0 91
"245" 95 11 15 0 0 38
"246" 104 16 5 0 0 83
"247" 64 9 16 0 1 81
"248" 115 11 14 0 0 33
"249" 115 10 14 0 0 93
"250" 73 12 9 1 1 93
"251" 64 11 14 0 0 33
"252" 62 11 14 0 1 71
"253" 88 11 14 1 0 93
"254" 98 13 12 1 0 93
"255" 64 11 12 1 1 93
"256" 68 12 12 1 1 93
"257" 88 12 20 1 1 93
"258" 71 14 11 0 0 33
"259" 78 16 8 1 1 93
"260" 81 12 14 0 0 31
"261" 82 14 8 1 1 93
"262" 56 14 11 0 1 38
"263" 81 14 9 1 1 93
"264" 58 11 7 0 0 83
"265" 67 13 12 1 1 93
"266" 65 12 12 1 1 93
"267" 80 13 12 0 0 34
"268" 104 16 8 0 1 83
"269" 64 12 11 1 1 93
"270" 71 15 10 1 1 93
"271" 88 11 12 0 0 50
"272" 69 12 11 1 1 93
"273" 62 9 16 0 0 34
"274" 61 11 12 1 0 12
"275" 77 15 13 1 0 93
"276" 125 16 7 0 0 83
"277" 100 9 16 0 0 50
"278" 63 9 16 1 1 93
"279" 78 12 12 1 0 82
"280" 56 12 10 0 1 35
"281" 64 12 12 0 1 31
"282" 64 13 9 1 1 62
"283" 78 11 11 1 0 72
"284" 82 14 9 1 1 93
"285" 76 11 17 0 1 39
"286" 81 9 14 0 0 31
"287" 67 14 11 1 1 93
"288" 93 9 14 0 0 34
"289" 88 16 6 0 0 83
"290" 94 10 11 0 0 38
"291" 166 12 12 0 0 81
"292" 71 14 10 0 1 71
"293" 71 11 13 1 1 93
"294" 68 11 10 0 1 33
"295" 77 15 9 1 1 94
"296" 68 10 13 1 1 93
"297" 54 10 1 1 0 50
"298" 68 11 13 1 0 71
"299" 76 18 3 1 0 93
"300" 59 9 16 0 0 95
"301" 84 11 12 0 0 33
"302" 73 16 3 0 1 62
"303" 71 9 15 0 0 71
"304" 68 10 9 0 0 95
"305" 48 18 4 1 0 93
"306" 73 11 5 1 1 93
"307" 63 9 15 0 1 62
"308" 67 11 12 0 0 38
"309" 54 12 8 0 1 38
"310" 87 10 14 0 0 34
"311" 81 13 11 0 0 34
"312" 96 11 13 0 0 34
"313" 65 12 10 1 1 72
"314" 87 12 11 1 0 72
"315" 88 12 11 0 0 50
"316" 68 22 7 1 0 93
"317" 78 12 11 0 0 38
"318" 68 12 13 0 0 94
"319" 81 16 10 0 0 83
"320" 67 9 15 0 0 61
"321" 118 16 5 0 1 81
"322" 94 12 10 0 0 37
"323" 89 11 12 0 0 34
"324" 103 11 10 0 0 50
"325" 87 16 6 1 0 34
"326" 71 13 9 1 1 93
"327" 88 10 13 0 0 34
"328" 93 11 13 0 0 62
"329" 88 15 10 0 1 81
"330" 80 13 11 0 1 81
"331" 91 13 8 0 1 61
"332" 91 11 13 0 0 34
"333" 104 9 15 0 0 31
"334" 76 16 6 0 1 37
"335" 64 9 9 0 1 23
"336" 68 21 2 1 1 94
"337" 84 11 10 0 0 50
"338" 88 12 8 1 1 93
"339" 105 13 9 0 0 38
"340" 78 12 11 0 0 38
"341" 74 6 10 0 1 38
"342" 117 16 3 0 0 35
"343" 67 8 12 0 0 33
"344" 81 13 8 0 0 37
"345" 61 11 11 0 1 62
"346" 64 11 11 1 1 63
"347" 54 11 10 0 0 62
"348" 89 11 12 0 0 34
"349" 87 23 5 1 1 93
"350" 64 9 13 1 0 71
"351" 112 11 12 0 0 50
"352" 116 9 14 0 0 50
"353" 61 13 11 1 0 93
"354" 106 9 13 0 0 32
"355" 74 9 14 1 0 72
"356" 73 10 11 1 1 93
"357" 106 14 11 1 0 91
"358" 76 9 14 1 0 94
"359" 73 11 12 1 1 93
"360" 76 11 11 1 0 91
"361" 73 12 12 0 0 50
"362" 54 10 11 0 1 63
"363" 78 12 11 1 0 72
"364" 67 10 6 0 1 33
"365" 71 11 11 1 1 93
"366" 95 11 12 0 0 50
"367" 94 18 7 1 0 93
"368" 74 15 4 1 1 91
"369" 61 14 5 1 1 93
"370" 110 14 7 0 0 35
"371" 96 11 13 0 0 50
"372" 80 19 8 0 0 83
"373" 71 12 10 0 0 36
"374" 71 13 9 1 0 93
"375" 56 16 6 1 0 93
"376" 71 14 6 0 0 81
"377" 100 9 14 0 0 50
"378" 59 11 10 0 1 62
"379" 65 9 15 0 0 71
"380" 64 9 14 0 1 71
"381" 61 9 12 0 1 62
"382" 73 11 11 1 1 93
"383" 68 11 11 0 0 36
"384" 81 13 9 1 0 72
"385" 87 17 4 0 1 83
"386" 87 13 9 0 0 50
"387" 76 16 5 1 0 93
"388" 110 14 12 0 0 50
"389" 64 13 12 0 0 61
"390" 71 11 9 1 1 93
"391" 78 11 4 1 1 72
"392" 98 9 12 0 0 61
"393" 125 14 11 1 1 93
"394" 101 16 6 1 0 91
"395" 54 17 4 0 1 93
"396" 94 13 6 0 0 50
"397" 106 13 8 0 0 50
"398" 139 16 8 1 1 91
"399" 59 11 10 0 1 62
"400" 54 9 10 1 0 83
"401" 95 12 9 0 0 38
"402" 54 11 11 0 1 37
"403" 81 11 11 1 0 92
"404" 65 12 7 1 0 91
"405" 82 12 10 0 1 34
"406" 109 13 7 0 1 83
"407" 98 9 12 0 0 62
"408" 82 11 11 1 1 93
"409" 55 9 12 1 1 91
"410" 69 9 13 0 0 33
"411" 73 11 10 0 0 38
"412" 61 11 10 0 0 33
"413" 76 11 4 1 1 93
"414" 64 18 4 1 1 91
"415" 112 11 11 0 0 50
"416" 76 11 11 0 0 95
"417" 92 13 9 0 1 83
"418" 59 11 10 0 0 62
"419" 95 13 10 1 1 91
"420" 81 11 11 0 0 38
"421" 61 11 11 0 1 83
"422" 81 12 10 0 0 95
"423" 71 11 10 1 1 93
"424" 59 16 5 0 0 93
"425" 89 11 11 0 0 50
"426" 91 17 4 0 0 38
"427" 55 10 7 0 1 62
"428" 54 11 10 0 0 71
"429" 76 12 10 0 1 31
"430" 65 13 8 0 1 63
"431" 68 11 10 0 1 34
"432" 78 16 6 1 1 93
"433" 68 15 8 0 1 93
"434" 71 13 9 0 0 38
"435" 76 16 6 1 1 93
"436" 67 19 4 1 0 93
"437" 65 14 8 0 1 61
"438" 74 16 5 0 1 61
"439" 68 11 10 1 0 72
"440" 87 12 8 0 0 38
"441" 69 10 11 0 0 38
"442" 58 13 8 1 1 93
"443" 71 12 7 0 0 38
"444" 65 11 7 0 0 62
"445" 74 11 9 1 1 93
"446" 67 15 5 1 0 93
"447" 63 9 6 1 1 93
"448" 55 11 7 1 1 93
"449" 64 11 10 0 0 95
"450" 78 11 10 0 1 81
"451" 71 12 10 0 0 83
"452" 129 15 6 0 1 34
"453" 96 14 6 0 0 34
"454" 76 11 10 0 0 34
"455" 82 11 10 0 0 38
"456" 76 13 7 0 0 38
"457" 67 14 8 1 1 93
"458" 59 11 10 1 1 72
"459" 92 13 7 0 0 38
"460" 64 10 8 1 1 93
"461" 73 17 3 1 1 93
"462" 121 16 4 1 0 91
"463" 87 15 5 0 1 38
"464" 71 11 9 0 0 38
"465" 61 9 10 0 0 31
"466" 83 14 5 1 0 93
"467" 64 9 9 1 1 93
"468" 68 9 10 0 0 93
"469" 104 15 3 0 0 71
"470" 92 11 10 0 0 50
"471" 65 11 10 1 1 91
"472" 71 11 10 0 0 37
"473" 67 13 5 0 0 39
"474" 68 16 4 0 0 62
"475" 101 11 9 0 0 50
"476" 120 11 8 0 0 50
"477" 98 12 8 0 0 38
"478" 71 14 7 1 1 93
"479" 71 15 5 1 1 93
"480" 64 11 8 0 0 95
"481" 115 17 4 0 1 83
"482" 80 18 3 1 1 93
"483" 104 18 4 1 0 93
"484" 65 9 11 0 0 38
"485" 110 17 4 0 0 38
"486" 51 13 4 0 0 62
"487" 89 9 6 0 0 38
"488" 64 15 6 1 1 93
"489" 54 11 10 1 0 93
"490" 55 13 5 1 0 93
"491" 76 9 9 0 0 38
"492" 74 13 12 0 0 34
"493" 63 11 8 0 0 62
"494" 92 12 8 0 1 32
"495" 65 11 9 0 0 71
"496" 61 11 8 1 1 93
"497" 69 10 10 0 0 38
"498" 101 19 2 1 0 91
"499" 64 15 5 1 1 93
"500" 71 11 9 0 0 37
"501" 62 9 10 0 0 71
"502" 82 15 5 0 0 83
"503" 46 9 8 1 1 93
"504" 63 11 8 0 0 50
"505" 64 9 10 1 0 72
"506" 74 11 8 0 0 35
"507" 56 12 7 1 1 91
"508" 103 15 8 0 0 50
"509" 64 11 9 1 1 93
"510" 77 15 4 1 1 93
"511" 81 11 6 0 0 38
"512" 68 15 5 1 1 93
"513" 56 9 10 0 1 38
"514" 71 17 3 0 1 38
"515" 81 11 7 0 0 50
"516" 76 13 6 1 1 93
"517" 78 11 8 0 0 35
"518" 58 18 2 1 1 93
"519" 214 18 2 1 0 93
"520" 110 15 8 0 0 38
"521" 100 11 8 0 0 37
"522" 89 14 5 0 0 38
"523" 59 11 4 0 1 93
"524" 61 11 9 1 1 93
"525" 77 14 4 1 0 91
"526" 77 16 2 0 0 83
"527" 54 9 5 0 1 92
"528" 63 11 10 0 0 92
"529" 132 11 9 0 0 38
"530" 65 9 11 0 0 38
"531" 67 15 6 1 1 93
"532" 86 12 7 0 0 50
"533" 58 12 7 1 1 62
"534" 59 14 4 0 1 93
"535" 65 11 8 0 0 62
"536" 64 11 6 0 0 35
"537" 101 16 3 1 1 93
"538" 95 11 9 0 0 38
"539" 65 16 4 1 1 93
"540" 61 11 9 0 0 61
"541" 73 12 9 1 1 93
"542" 71 11 8 0 0 33
"543" 61 11 5 0 1 91
"544" 61 13 7 0 1 62
"545" 152 9 11 0 0 38
"546" 51 11 6 0 0 31
"547" 54 10 9 0 0 93
"548" 65 11 8 0 0 62
"549" 88 11 9 0 0 50
"550" 58 11 7 1 1 93
"551" 54 10 9 0 0 93
"552" 98 11 6 0 0 63
"553" 89 12 5 0 0 37
"554" 61 12 7 1 1 93
"555" 73 14 4 0 0 38
"556" 61 14 5 1 0 93
"557" 47 11 6 1 1 93
"558" 58 11 8 1 1 93
"559" 64 13 6 0 0 35
"560" 62 9 10 0 0 92
"561" 71 15 3 0 1 62
"562" 45 9 9 0 0 63
"563" 83 17 4 1 1 91
"564" 65 11 5 0 1 61
"565" 93 12 5 0 0 50
"566" 58 12 5 0 1 63
"567" 87 12 7 1 0 71
"568" 68 13 5 1 1 93
"569" 39 9 5 1 0 31
"570" 61 17 6 1 0 91
"571" 68 11 8 0 0 95
"572" 68 15 4 0 0 37
"573" 65 11 8 0 0 61
"574" 84 14 4 0 0 38
"575" 74 11 6 0 0 71
"576" 67 13 6 0 1 12
"577" 65 9 10 1 0 72
"578" 59 11 8 0 1 38
"579" 63 10 3 1 1 93
"580" 87 11 6 0 0 71
"581" 71 13 6 1 1 93
"582" 62 13 5 1 1 93
"583" 103 14 2 0 1 38
"584" 64 13 6 1 1 93
"585" 76 12 7 0 1 81
"586" 48 16 3 0 1 93
"587" 59 13 5 0 1 63
"588" 61 11 8 0 0 31
"589" 56 11 7 0 1 63
"590" 64 11 6 0 0 34
"591" 51 13 4 1 1 93
"592" 71 14 7 1 0 91
"593" 59 12 5 1 1 93
"594" 64 12 5 0 0 71
"595" 78 11 6 0 0 81
"596" 65 11 7 0 0 34
"597" 65 13 7 1 1 72
"598" 87 11 8 0 0 50
"599" 73 9 9 1 1 93
"600" 83 11 8 0 0 50
"601" 45 17 2 0 1 83
"602" 76 11 8 0 0 38
"603" 74 11 8 0 0 83
"604" 71 12 6 0 1 38
"605" 63 13 6 0 0 31
"606" 67 13 5 1 1 91
"607" 65 12 6 1 1 93
"608" 68 11 5 1 0 93
"609" 91 13 7 0 0 81
"610" 76 12 6 0 0 38
"611" 64 16 3 1 0 91
"612" 82 11 8 0 0 31
"613" 100 11 7 0 0 50
"614" 64 11 7 0 0 38
"615" 63 11 6 0 1 34
"616" 67 10 8 0 0 71
"617" 81 11 6 0 1 34
"618" 56 14 2 1 0 72
"619" 62 12 5 1 1 93
"620" 73 11 6 0 0 50
"621" 82 15 7 1 0 82
"622" 84 11 7 0 1 62
"623" 59 15 4 0 1 62
"624" 61 9 9 0 1 61
"625" 71 10 10 1 0 72
"626" 64 11 6 0 1 95
"627" 62 10 7 0 1 34
"628" 81 11 6 0 0 50
"629" 73 11 6 1 1 93
"630" 95 13 7 0 0 50
"631" 55 17 2 0 1 31
"632" 80 11 7 0 0 50
"633" 53 10 2 1 0 93
"634" 48 14 8 1 0 33
"635" 63 11 6 0 0 12
"636" 140 13 1 1 0 93
"637" 71 14 4 0 0 38
"638" 55 11 7 0 0 33
"639" 74 13 5 0 0 29
"640" 64 15 5 1 1 93
"641" 59 12 6 0 1 62
"642" 62 11 7 0 1 63
"643" 78 11 6 1 0 72
"644" 74 9 9 0 0 50
"645" 61 12 6 1 1 83
"646" 71 11 7 0 0 38
"647" 133 12 6 1 1 62
"648" 54 10 8 0 1 63
"649" 67 13 4 1 1 93
"650" 53 12 5 0 1 82
"651" 69 16 2 0 0 38
"652" 68 13 4 0 1 71
"653" 64 11 6 0 0 31
"654" 96 11 7 0 0 34
"655" 101 11 6 0 0 50
"656" 58 12 6 0 1 62
"657" 64 13 3 1 1 93
"658" 73 14 5 1 1 93
"659" 51 8 1 0 1 63
"660" 64 15 2 0 0 83
"661" 59 11 7 0 0 62
"662" 56 11 7 0 1 62
"663" 101 12 6 0 1 71
"664" 71 11 6 1 1 93
"665" 67 16 2 0 0 71
"666" 64 15 1 0 0 83
"667" 93 15 2 1 0 91
"668" 74 13 4 0 0 50
"669" 59 11 4 1 1 93
"670" 83 16 2 0 1 83
"671" 61 9 8 0 1 38
"672" 61 10 8 1 1 72
"673" 59 11 6 0 0 63
"674" 65 12 4 0 1 93
"675" 67 12 4 0 0 81
"676" 54 12 4 1 0 12
"677" 59 12 5 0 1 63
"678" 67 11 3 0 0 62
"679" 64 9 7 1 1 93
"680" 65 12 7 1 1 93
"681" 87 11 5 0 0 50
"682" 62 9 8 0 0 83
"683" 62 14 3 1 1 93
"684" 58 12 6 1 1 93
"685" 67 13 4 0 1 93
"686" 63 12 4 0 0 12
"687" 59 11 6 0 0 61
"688" 54 12 3 0 0 94
"689" 73 12 4 0 0 93
"690" 78 12 6 0 1 93
"691" 68 11 6 0 0 63
"692" 54 15 1 0 0 38
"693" 68 18 1 0 1 83
"694" 58 11 6 0 1 32
"695" 100 11 6 0 0 50
"696" 92 13 3 0 0 62
"697" 67 10 5 0 1 33
"698" 64 11 5 0 0 71
"699" 64 15 3 1 1 93
"700" 51 12 5 0 0 38
"701" 96 14 7 0 0 71
"702" 68 14 3 0 0 83
"703" 81 14 2 1 0 91
"704" 68 15 1 0 0 34
"705" 88 11 6 0 0 50
"706" 51 15 2 1 0 91
"707" 88 11 7 0 1 63
"708" 69 12 4 0 1 38
"709" 62 15 2 0 0 93
"710" 92 11 7 0 0 35
"711" 64 12 4 0 0 23
"712" 84 13 3 0 0 38
"713" 61 11 5 1 1 72
"714" 61 11 5 1 1 93
"715" 64 12 3 1 1 81
"716" 58 12 4 1 1 72
"717" 67 12 3 0 1 38
"718" 54 11 5 1 1 93
"719" 63 11 4 0 0 63
"720" 73 12 3 0 0 83
"721" 51 14 2 0 1 36
"722" 65 13 2 0 0 50
"723" 74 11 5 0 0 61
"724" 58 12 3 1 1 93
"725" 74 13 3 1 1 93
"726" 45 14 3 0 1 62
"727" 58 12 3 1 1 93
"728" 69 11 4 0 0 31
"729" 62 13 1 1 0 63
"730" 76 11 4 1 0 93
"731" 59 11 4 0 0 34
"732" 58 11 5 0 1 11
"733" 61 11 4 1 1 93
"734" 64 11 5 0 0 62
"735" 54 12 3 1 1 93
"736" 64 10 5 0 1 83
"737" 69 12 5 0 0 38
"738" 63 15 1 1 0 93
"739" 76 12 4 0 0 38
"740" 98 11 6 0 0 50
"741" 67 11 5 0 0 33
"742" 64 12 4 0 0 38
"743" 64 13 3 0 1 83
"744" 69 9 7 1 1 71
"745" 58 11 7 1 1 82
"746" 68 13 7 0 1 94
"747" 54 11 4 0 0 71
"748" 73 13 3 0 0 81
"749" 96 14 1 0 0 63
"750" 61 11 4 1 1 93
"751" 65 11 5 0 0 63
"752" 53 12 3 1 1 91
"753" 54 11 4 0 1 95
"754" 104 13 3 0 0 50
"755" 78 13 3 0 1 83
"756" 58 14 3 0 1 83
"757" 81 11 4 0 0 71
"758" 64 13 1 0 0 38
"759" 63 13 1 0 0 38
"760" 64 11 3 1 1 91
"761" 53 14 2 0 1 38
"762" 71 12 2 0 1 39
"763" 64 12 3 0 0 62
"764" 59 12 2 1 0 90
"765" 58 11 5 0 1 31
"766" 45 12 2 0 1 33
"767" 74 12 2 0 0 63
"768" 59 14 2 0 1 62
"769" 62 13 2 0 0 38
"770" 73 11 4 0 0 36
"771" 76 11 6 0 1 83
"772" 71 13 1 1 1 93
"773" 100 12 2 0 0 50
"774" 67 11 4 0 0 38
"775" 56 11 6 0 1 62
"776" 71 11 3 1 1 93
"777" 53 11 3 1 1 93
"778" 61 13 1 0 0 38
"779" 59 12 2 0 1 83
"780" 64 12 3 0 1 61
"781" 80 11 3 0 0 12
"782" 93 13 5 0 0 50
"783" 84 11 3 0 0 50
"784" 58 10 4 1 1 93
"785" 84 11 3 0 0 95
"786" 59 11 7 1 1 93
"787" 51 12 1 0 0 62
"788" 64 9 6 0 0 33
"789" 58 12 2 0 1 81
"790" 83 11 4 0 1 71
"791" 68 13 2 0 0 62
"792" 54 13 2 0 0 92
"793" 59 11 4 1 1 93
"794" 64 13 2 0 0 35
"795" 58 13 1 0 0 71
"796" 61 11 2 0 0 50
"797" 49 11 2 1 1 72
"798" 67 11 3 1 1 93
"799" 63 11 2 1 1 93
"800" 58 12 1 0 1 31
"801" 56 9 5 1 1 95
"802" 82 11 2 0 0 37
"803" 74 11 3 0 0 50
"804" 91 11 2 0 0 50
"805" 76 12 3 0 0 37
"806" 64 9 5 0 0 33
"807" 51 12 1 1 1 93
"808" 59 12 2 1 1 93
"809" 65 11 2 1 1 93
"810" 110 9 5 0 0 83
"811" 73 11 3 1 1 93
"812" 76 12 1 1 0 93
"813" 71 11 2 1 1 93
"814" 69 11 1 0 0 94
"815" 74 9 5 0 0 31
"816" 42 12 2 1 1 93
"817" 59 11 2 0 0 62
"818" 39 12 1 0 0 38
"819" 59 13 1 1 1 91
"820" 81 12 2 0 0 37
"821" 61 11 2 1 1 93
"822" 61 12 1 0 0 50
"823" 54 11 2 0 1 83
"824" 58 11 3 0 0 63
"825" 64 11 2 0 0 38
"826" 101 11 3 0 0 50
"827" 49 12 1 0 1 63
"828" 58 11 3 0 1 11
"829" 56 12 1 0 0 38
"830" 65 12 1 1 1 93
"831" 69 11 2 0 0 50
"832" 61 11 3 0 1 31
"833" 58 12 2 0 0 60
"834" 46 12 2 0 1 62
"835" 73 11 3 0 1 30
"836" 53 11 2 1 0 93
"837" 91 11 2 0 1 94
"838" 54 12 1 0 0 81
"839" 74 10 3 0 0 38
"840" 51 12 2 0 0 62
"841" 64 12 1 0 0 63
"842" 54 12 2 1 0 93
"843" 54 12 1 0 1 63
"844" 58 11 1 0 1 92
"845" 49 11 2 1 0 72
"846" 58 9 4 0 0 50
"847" 63 11 1 0 0 34
"848" 59 12 1 1 1 93
"849" 46 12 1 0 1 83
"850" 59 9 3 0 0 92
"851" 77 11 3 0 0 38
"852" 67 12 1 0 0 38
"853" 54 13 7 0 1 62
"854" 46 12 1 0 1 93
"855" 54 12 1 0 0 93
"856" 63 11 2 0 1 93
"857" 54 13 2 1 1 93
"858" 100 11 2 0 0 31
"859" 68 12 1 0 1 34
"860" 43 11 2 0 0 33
"861" 45 12 1 1 1 93
"862" 73 11 1 0 0 95
"863" 54 9 4 0 1 61
"864" 54 11 1 1 1 93
"865" 58 12 1 1 1 93
"866" 74 12 1 1 1 93
"867" 100 11 2 0 0 50
"868" 58 11 4 1 1 93
"869" 150 12 2 1 0 93
"870" 47 12 5 0 0 62
"871" 59 11 2 0 0 50
"872" 74 11 5 0 1 62
"873" 74 12 4 0 0 34
"874" 54 12 1 0 1 81
"875" 48 13 1 0 1 62
"876" 67 12 2 1 0 93
"877" 47 12 1 0 1 63
"878" 51 11 2 1 0 91
"879" 48 11 1 0 1 62
"880" 82 11 2 0 0 50
"881" 45 11 4 0 1 63
"882" 71 11 2 0 0 61
"883" 73 12 1 0 1 81
"884" 71 11 2 1 1 93
"885" 65 12 1 0 0 61
"886" 56 12 3 0 0 62
"887" 54 9 3 0 0 50
"888" 56 11 1 0 0 50
"889" 62 11 1 0 1 62
"890" 58 11 1 0 1 63
"891" 46 11 1 1 0 93
"892" 42 11 1 1 1 93
"893" 71 11 1 1 0 93
"894" 54 10 2 1 1 93
"895" 67 11 1 0 0 50
"896" 45 11 2 0 1 62
"897" 59 11 1 0 1 63
"898" 49 11 1 1 1 93
"899" 55 12 1 1 1 93
"900" 54 11 1 1 0 50
"901" 64 9 4 0 0 33
"902" 55 11 1 0 0 93
"903" 45 11 1 1 1 93
"904" 55 11 1 1 1 93
"905" 48 11 1 0 0 38
"906" 48 11 1 0 0 95
"907" 42 11 5 0 1 61
"908" 55 11 1 0 1 31
"909" 94 11 3 0 1 62
"910" 96 11 3 0 0 63
"911" 46 11 1 1 1 93
"912" 64 11 1 0 0 38
"913" 59 10 1 0 1 32
"914" 62 10 2 0 0 38
"915" 54 9 2 1 1 93
"916" 55 11 1 0 0 50
"917" 59 12 1 0 1 32
"918" 49 11 1 0 0 94
"919" 53 12 3 1 1 91
"920" 45 9 2 0 0 71
"921" 53 11 0 1 0 50
"922" 22 11 1 0 1 93
"923" 49 11 1 1 1 93
"924" 61 11 1 1 1 93
"925" 39 11 1 1 1 93
"926" 51 11 0 0 0 61
"927" 59 12 1 0 0 63
"928" 45 12 1 0 0 50
"929" 45 11 0 1 1 93
"930" 42 10 2 1 1 93
"931" 51 9 2 0 1 62
"932" 46 10 1 1 0 95
"933" 59 9 2 0 1 35
"934" 42 11 2 0 1 62
"935" 37 9 1 0 0 62
"936" 47 11 2 0 0 62
"937" 68 9 2 1 1 63
"938" 17 9 1 1 1 93
"939" 22 9 1 1 1 93
"940" 51 9 2 1 1 93
"941" 37 11 1 0 1 62
"942" 59 9 2 0 0 62
"943" 69 9 2 0 0 33
"944" 43 11 1 0 0 50
"945" 18 9 2 1 0 93
"946" 98 18 44 0 0 50
"947" 55 8 40 1 0 35
"948" 170 17 23 0 1 83
"949" 92 18 30 0 0 81
"950" 67 23 31 1 1 93
"951" 68 17 24 1 1 93
"952" 87 11 35 0 0 34
"953" 68 11 28 1 0 71
"954" 104 9 31 0 0 37
"955" 84 10 18 1 1 93
"956" 74 13 21 0 1 37
"957" 76 8 33 0 0 36
"958" 73 8 22 0 1 38
"959" 84 10 29 0 0 38
"960" 68 9 30 0 1 62
"961" 78 12 25 1 1 82
"962" 89 12 21 0 0 32
"963" 67 8 29 1 1 93
"964" 56 11 14 0 1 32
"965" 132 15 19 0 0 62
"966" 84 10 25 0 0 34
"967" 98 11 23 0 0 63
"968" 115 10 25 0 0 50
"969" 67 10 22 1 1 93
"970" 76 11 24 0 0 61
"971" 69 8 18 0 0 36
"972" 161 12 20 0 0 38
"973" 82 18 13 1 0 93
"974" 103 12 23 1 1 93
"975" 120 10 44 0 0 50
"976" 56 6 30 0 0 92
"977" 82 11 17 0 0 37
"978" 88 12 30 0 0 94
"979" 98 21 16 1 0 83
"980" 82 15 32 1 1 93
"981" 47 11 12 0 1 31
"982" 64 15 26 0 0 81
"983" 51 12 25 1 0 38
"984" 76 16 16 1 1 91
"985" 67 14 23 1 0 93
"986" 64 9 38 1 1 93
"987" 65 7 32 0 0 41
"988" 121 23 10 1 0 93
"989" 84 20 18 0 0 93
"990" 76 15 25 1 0 93
"991" 68 10 9 0 1 34
"992" 83 14 11 0 0 61
"993" 54 12 8 1 1 93
"994" 71 12 16 0 0 61
"995" 58 12 8 0 1 82
"996" 121 16 18 1 0 72
"997" 101 8 26 0 0 31
"998" 54 16 6 1 1 93
"999" 51 6 15 0 1 32
"1000" 132 16 15 0 1 61
"1001" 69 4 13 1 1 93
"1002" 61 14 21 1 1 93
"1003" 73 10 19 0 1 63
"1004" 74 12 18 0 0 95
"1005" 73 8 19 0 0 71
"1006" 61 17 5 1 1 50
"1007" 68 15 9 0 0 38
"1008" 93 10 13 1 0 93
"1009" 98 18 10 1 1 93
"1010" 71 15 12 1 1 93
"1011" 71 9 11 1 1 93
"1012" 74 14 14 0 1 31
"1013" 74 7 17 0 0 38
"1014" 59 8 18 1 1 93
"1015" 81 12 30 0 0 83
"1016" 59 8 20 0 0 33
"1017" 54 8 30 0 0 32
"1018" 59 6 36 0 0 38
"1019" 71 12 1 0 1 71
"1020" 76 18 4 1 1 93
"1021" 81 10 28 0 0 31
"1022" 54 14 17 1 1 93
"1023" 87 20 17 1 0 93
"1024" 51 6 17 0 1 93
"1025" 173 19 20 1 0 93
"1026" 94 14 21 0 0 71
"1027" 83 8 25 0 0 50
"1028" 76 19 14 1 0 71
"1029" 64 14 25 0 1 83
"1030" 64 15 17 0 0 38
"1031" 51 13 13 0 1 38
"1032" 74 18 7 1 1 93
"1033" 53 12 8 1 0 93
"1034" 89 15 23 1 0 93
"1035" 64 12 15 1 1 93
"1036" 74 11 16 0 0 61
"1037" 74 16 8 0 0 38
"1038" 68 13 10 1 0 93
"1039" 71 18 19 1 0 72
"1040" 81 23 4 1 0 93
"1041" 87 14 14 0 0 92
"1042" 64 16 4 1 0 81
"1043" 47 23 7 1 0 93
"1044" 58 12 9 0 0 38
"1045" 68 9 17 0 0 35
"1046" 88 13 4 0 0 38
"1047" 58 6 4 0 1 33
"1048" 62 13 5 1 1 93
"1049" 69 5 5 1 1 93
"1050" 59 16 15 1 1 93
"1051" 64 10 15 0 0 38
"1052" 87 10 4 0 0 38
"1053" 76 10 10 0 0 38
"1054" 58 16 6 0 0 38
"1055" 68 13 2 1 0 93
"1056" 54 16 1 0 0 92
"1057" 64 9 12 0 1 83
"1058" 73 13 6 1 1 93
"1059" 76 13 6 0 0 61
"1060" 71 13 6 0 0 38
"1061" 67 17 3 1 1 93
"1062" 51 9 4 1 1 93
"1063" 46 15 2 1 0 93
"1064" 55 13 6 0 1 92
"1065" 58 8 1 0 0 92
"1066" 54 13 20 0 1 32
"1067" 59 13 8 0 1 32
"1068" 83 17 13 0 0 61
"1069" 101 12 25 1 0 71
"1070" 76 8 20 1 1 93
"1071" 65 6 24 0 1 83
"1072" 77 13 23 1 0 91
"1073" 55 9 28 0 1 63
"1074" 145 17 23 1 0 91
"1075" 161 10 34 0 0 38
"1076" 81 8 33 0 0 38
"1077" 82 9 40 1 0 91
"1078" 114 16 17 0 0 61
"1079" 92 11 28 0 0 38
"1080" 54 10 18 1 1 93
"1081" 76 13 20 1 1 93
"1082" 241 15 25 0 0 83
"1083" 64 11 15 1 1 93
"1084" 61 13 24 1 1 93
"1085" 62 7 24 1 1 93
"1086" 115 8 38 0 0 71
"1087" 78 11 45 0 1 34
"1088" 74 9 25 0 0 38
"1089" 64 7 27 0 0 38
"1090" 55 8 23 0 0 93
"1091" 88 12 31 1 0 93
"1092" 73 15 13 1 1 93
"1093" 74 7 35 1 1 72
"1094" 88 8 42 0 0 38
"1095" 74 13 17 1 1 93
"1096" 71 16 13 1 0 93
"1097" 100 10 12 1 1 93
"1098" 77 11 20 0 0 34
"1099" 62 13 7 1 1 93
"1100" 106 15 32 0 0 35
"1101" 73 12 36 1 1 72
"1102" 68 11 23 0 1 61
"1103" 198 16 39 0 0 35
"1104" 81 13 21 1 1 93
"1105" 59 10 16 1 1 93
"1106" 71 12 17 0 1 93
"1107" 81 19 27 1 0 93
"1108" 74 8 28 1 0 72
"1109" 87 12 20 0 0 34
"1110" 115 9 30 0 0 61
"1111" 115 17 35 1 0 93
"1112" 65 12 14 1 0 38
"1113" 73 7 38 0 0 61
"1114" 81 16 16 1 1 93
"1115" 83 9 30 0 0 50
"1116" 212 16 18 0 0 31
"1117" 73 8 24 0 1 62
"1118" 64 12 18 1 1 94
"1119" 68 17 14 0 0 34
"1120" 126 14 21 1 0 93
"1121" 121 17 21 1 0 91
"1122" 76 11 35 1 1 93
"1123" 67 8 40 1 1 93
"1124" 64 12 20 0 0 62
"1125" 103 12 25 0 0 50
"1126" 84 11 24 0 1 82
"1127" 109 13 33 1 0 91
"1128" 67 7 47 1 1 93
"1129" 71 13 14 1 1 62
"1130" 64 11 12 1 1 91
"1131" 84 15 10 1 1 93
"1132" 101 17 21 1 1 93
"1133" 76 14 29 1 1 93
"1134" 88 14 33 0 0 94
"1135" 92 12 40 0 0 62
"1136" 121 20 50 1 0 41
"1137" 74 11 20 0 0 50
"1138" 71 12 28 1 1 91
"1139" 80 9 34 0 0 38
"1140" 68 20 9 1 1 93
"1141" 61 11 30 1 1 93
"1142" 136 23 15 1 0 31
"1143" 103 17 15 1 0 93
"1144" 42 8 30 0 0 71
"1145" 178 11 44 0 0 38
"1146" 81 12 23 0 0 38
"1147" 74 7 30 0 0 38
"1148" 103 10 31 0 0 71
"1149" 62 10 25 1 1 93
"1150" 67 8 44 0 0 38
"1151" 84 7 44 0 0 62
"1152" 61 6 20 1 1 93
"1153" 100 10 22 0 0 50
"1154" 87 17 15 1 0 93
"1155" 81 15 21 1 0 93
"1156" 51 9 8 1 1 93
"1157" 92 7 35 0 0 62
"1158" 87 9 39 0 0 33
"1159" 71 7 42 0 1 38
"1160" 91 11 31 1 1 93
"1161" 144 9 27 0 0 32
"1162" 56 12 7 1 1 82
"1163" 71 11 22 0 0 38
"1164" 64 10 29 1 0 93
"1165" 104 14 24 1 0 41
"1166" 94 13 29 0 0 38
"1167" 73 7 43 1 1 91
"1168" 83 18 1 0 1 83
"1169" 74 7 14 0 1 32
"1170" 68 9 30 1 0 50
"1171" 92 14 24 0 0 93
"1172" 69 8 38 1 0 72
"1173" 54 12 16 0 1 62
"1174" 71 9 27 1 0 91
"1175" 65 12 21 1 1 93
"1176" 59 10 25 0 1 95
"1177" 73 10 28 1 1 91
"1178" 63 7 25 1 1 92
"1179" 88 12 18 1 1 93
"1180" 76 8 35 0 0 50
"1181" 64 11 22 1 1 93
"1182" 216 13 37 0 0 81
"1183" 92 6 48 1 0 71
"1184" 104 13 21 0 0 50
"1185" 88 12 20 1 1 91
"1186" 71 15 20 1 0 91
"1187" 61 7 39 1 1 93
"1188" 101 13 18 0 0 62
"1189" 64 10 15 1 1 93
"1190" 173 10 34 0 0 61
"1191" 78 14 32 1 1 93
"1192" 144 13 20 1 0 72
"1193" 59 6 45 0 0 33
"1194" 64 12 18 0 1 62
"1195" 71 10 23 1 1 93
"1196" 216 15 38 0 0 93
"1197" 140 11 33 0 0 23
"1198" 175 13 34 0 0 50
"1199" 65 9 26 1 1 93
"1200" 67 10 31 1 1 93
"1201" 69 9 12 0 1 62
"1202" 166 17 17 1 0 93
"1203" 115 17 20 0 0 35
"1204" 118 8 28 0 0 38
"1205" 69 12 25 1 1 93
"1206" 71 12 33 0 1 93
"1207" 115 10 21 0 1 95
"1208" 73 10 13 0 1 83
"1209" 200 12 34 0 0 93
"1210" 49 8 11 1 1 93
"1211" 98 9 43 0 0 61
"1212" 58 12 15 1 1 93
"1213" 65 7 29 0 1 62
"1214" 152 16 17 1 0 91
"1215" 76 7 33 1 0 50
"1216" 71 6 32 1 1 93
"1217" 86 10 42 1 0 83
"1218" 58 8 25 1 1 93
"1219" 47 8 19 1 1 93
"1220" 98 11 22 0 0 31
"1221" 69 9 25 1 1 93
"1222" 59 8 39 0 1 61
"1223" 68 8 30 0 0 50
"1224" 98 12 39 1 1 93
"1225" 68 6 46 0 0 38
"1226" 94 20 15 1 1 93
"1227" 107 9 31 0 0 93
"1228" 65 11 28 1 1 93
"1229" 61 8 12 0 1 62
"1230" 88 14 23 1 1 93
"1231" 69 8 30 0 0 33
"1232" 62 7 25 1 1 93
"1233" 82 10 22 0 0 62
"1234" 82 13 20 0 1 38
"1235" 71 11 26 0 0 31
"1236" 83 11 25 1 0 83
"1237" 84 10 32 0 0 94
"1238" 59 7 30 1 1 93
"1239" 101 16 14 1 1 93
"1240" 86 8 30 0 0 61
"1241" 73 18 20 1 0 91
"1242" 81 12 30 0 1 82
"1243" 193 11 24 0 0 61
"1244" 88 15 22 1 1 93
"1245" 69 8 20 0 0 38
"1246" 64 12 27 0 0 83
"1247" 80 11 32 1 0 83
"1248" 67 7 44 0 0 95
"1249" 81 11 21 1 0 91
"1250" 78 8 35 1 0 71
"1251" 101 10 30 1 0 50
"1252" 101 16 30 1 1 93
"1253" 71 7 46 0 0 38
"1254" 68 15 11 1 1 93
"1255" 83 8 30 1 0 71
"1256" 130 11 38 0 0 50
"1257" 95 15 32 1 1 93
"1258" 68 6 46 1 1 93
"1259" 161 20 35 1 0 91
"1260" 101 10 25 0 1 81
"1261" 73 14 30 1 1 93
"1262" 96 11 35 1 0 71
"1263" 106 11 38 0 0 62
"1264" 101 14 28 0 1 83
"1265" 136 9 34 0 0 81
"1266" 69 7 36 0 1 34
"1267" 187 15 35 0 0 34
"1268" 98 8 46 1 0 72
"1269" 87 15 17 1 0 93
"1270" 89 14 20 1 1 93
"1271" 88 17 13 1 0 93
"1272" 71 11 22 1 1 93
"1273" 195 18 26 0 1 93
"1274" 82 8 36 1 0 83
"1275" 82 11 40 0 0 38
"1276" 68 8 41 1 0 93
"1277" 59 7 34 1 1 93
"1278" 59 6 16 0 0 38
"1279" 56 8 7 1 1 93
"1280" 84 14 25 0 1 83
"1281" 58 10 27 0 1 62
"1282" 67 11 21 1 1 93
"1283" 141 13 24 0 0 31
"1284" 67 11 36 1 1 91
"1285" 51 9 10 1 1 93
"1286" 105 8 27 1 1 93
"1287" 98 13 19 0 0 38
"1288" 81 9 32 1 0 72
"1289" 78 10 25 0 0 38
"1290" 59 12 21 1 1 93
"1291" 115 16 24 1 0 93
"1292" 68 11 31 1 1 72
"1293" 101 12 35 1 1 93
"1294" 82 8 20 1 1 93
"1295" 104 8 32 0 0 50
"1296" 149 18 16 1 0 71
"1297" 115 16 20 1 0 91
"1298" 88 14 41 1 1 93
"1299" 69 10 28 1 1 92
"1300" 67 14 31 1 1 93
"1301" 84 14 32 1 1 93
"1302" 116 14 16 0 0 81
"1303" 87 12 20 1 0 72
"1304" 73 10 21 0 1 81
"1305" 117 17 17 1 0 93
"1306" 87 8 44 0 0 50
"1307" 64 7 40 0 0 95
"1308" 78 10 18 0 1 35
"1309" 61 10 12 1 1 93
"1310" 68 11 26 0 0 83
"1311" 80 9 38 0 0 38
"1312" 69 10 27 0 0 38
"1313" 54 8 28 1 1 95
"1314" 171 18 16 0 0 38
"1315" 74 17 14 1 1 93
"1316" 73 14 14 1 1 93
"1317" 74 14 20 1 0 93
"1318" 62 8 21 1 1 91
"1319" 54 12 20 0 1 37
"1320" 71 9 30 0 1 50
"1321" 62 11 27 1 1 93
"1322" 80 12 37 0 0 62
"1323" 81 15 19 1 1 93
"1324" 126 14 15 1 1 41
"1325" 73 11 15 0 1 38
"1326" 92 8 43 0 0 38
"1327" 77 8 37 0 0 12
"1328" 37 7 40 0 1 83
"1329" 84 13 28 0 0 83
"1330" 74 12 25 1 1 72
"1331" 73 13 25 1 1 93
"1332" 76 7 28 0 0 95
"1333" 83 7 45 1 0 41
"1334" 64 16 26 1 1 93
"1335" 143 15 21 0 1 38
"1336" 89 11 22 0 1 93
"1337" 110 12 34 0 0 50
"1338" 62 10 35 1 1 93
"1339" 175 11 35 0 0 82
"1340" 83 10 44 0 1 83
"1341" 103 13 19 1 0 11
"1342" 87 16 17 1 1 93
"1343" 103 11 40 0 0 31
"1344" 63 9 29 0 0 71
"1345" 96 14 33 1 0 83
"1346" 59 9 25 1 1 93
"1347" 101 13 35 1 1 93
"1348" 100 19 18 1 0 93
"1349" 73 7 39 0 0 94
"1350" 64 12 42 0 0 71
"1351" 67 12 20 1 1 93
"1352" 64 7 34 0 1 35
"1353" 83 10 36 0 0 35
"1354" 156 17 26 1 0 91
"1355" 67 7 16 1 1 93
"1356" 106 8 45 1 0 94
"1357" 68 7 33 1 1 93
"1358" 87 13 40 1 1 72
"1359" 58 7 26 0 1 38
"1360" 82 7 40 0 0 33
"1361" 59 8 33 0 1 62
"1362" 64 13 20 1 1 93
"1363" 78 11 19 0 0 38
"1364" 87 13 22 1 1 93
"1365" 123 15 22 1 0 91
"1366" 87 15 21 0 1 36
"1367" 71 11 36 1 1 91
"1368" 54 7 6 1 1 93
"1369" 212 10 35 0 0 82
"1370" 54 8 17 0 1 31
"1371" 86 9 24 1 1 93
"1372" 69 12 30 1 1 93
"1373" 59 8 20 0 1 62
"1374" 68 8 41 1 0 50
"1375" 64 8 30 0 1 62
"1376" 73 11 18 0 1 81
"1377" 64 12 20 0 0 33
"1378" 59 13 19 1 1 93
"1379" 71 13 20 0 1 93
"1380" 106 10 27 0 0 81
"1381" 84 7 37 0 0 50
"1382" 53 6 18 1 1 93
"1383" 98 6 40 1 1 93
"1384" 65 9 21 0 1 62
"1385" 68 9 30 1 1 93
"1386" 78 19 16 1 0 12
"1387" 63 12 26 1 1 93
"1388" 62 13 24 1 1 93
"1389" 67 8 40 0 0 71
"1390" 67 7 30 1 1 93
"1391" 73 9 20 0 1 35
"1392" 88 12 25 1 0 72
"1393" 115 17 19 1 1 93
"1394" 65 17 14 1 1 83
"1395" 47 10 34 1 1 93
"1396" 73 10 25 1 1 83
"1397" 81 8 11 0 1 94
"1398" 64 9 43 0 0 38
"1399" 73 17 14 1 1 93
"1400" 59 10 25 1 1 93
"1401" 95 18 16 1 0 83
"1402" 74 18 12 1 1 93
"1403" 101 13 28 0 0 38
"1404" 289 16 27 0 0 62
"1405" 94 8 39 0 0 50
"1406" 121 20 38 1 0 93
"1407" 82 16 19 1 1 93
"1408" 92 11 25 1 1 82
"1409" 73 9 30 1 1 93
"1410" 117 24 19 1 0 93
"1411" 67 7 38 0 0 95
"1412" 71 11 22 1 0 82
"1413" 173 13 25 0 0 61
"1414" 67 7 36 0 0 33
"1415" 59 7 40 1 0 38
"1416" 67 15 25 0 0 38
"1417" 87 11 21 1 1 93
"1418" 94 8 31 1 0 71
"1419" 125 9 30 0 0 41
"1420" 53 7 13 0 1 31
"1421" 101 9 27 0 0 50
"1422" 95 18 18 1 1 93
"1423" 87 7 37 0 0 31
"1424" 65 7 40 1 0 11
"1425" 74 9 20 1 1 93
"1426" 101 14 19 0 0 83
"1427" 71 7 32 0 1 38
"1428" 61 8 40 0 1 62
"1429" 73 7 33 0 1 33
"1430" 115 14 32 1 1 93
"1431" 63 7 33 0 1 39
"1432" 67 7 27 1 1 50
"1433" 58 8 31 0 1 62
"1434" 64 12 25 1 1 91
"1435" 125 19 18 0 0 50
"1436" 81 10 28 1 0 50
"1437" 62 7 30 0 1 33
"1438" 149 12 22 0 0 38
"1439" 78 8 36 0 0 12
"1440" 109 17 15 1 0 93
"1441" 148 15 18 0 0 34
"1442" 87 8 42 0 0 11
"1443" 71 11 24 0 1 41
"1444" 91 14 24 1 1 62
"1445" 74 9 30 0 0 37
"1446" 64 14 23 1 1 93
"1447" 69 16 44 1 0 82
"1448" 64 20 10 0 0 83
"1449" 87 17 10 1 1 93
"1450" 76 17 19 1 1 93
"1451" 78 12 16 1 1 93
"1452" 71 9 30 1 1 72
"1453" 71 7 36 1 0 93
"1454" 87 13 41 1 0 93
"1455" 71 10 27 0 1 38
"1456" 68 15 12 1 1 93
"1457" 81 8 28 1 0 50
"1458" 87 11 34 1 1 93
"1459" 54 7 40 1 1 93
"1460" 98 13 30 1 1 93
"1461" 77 9 42 1 1 82
"1462" 92 7 30 0 0 50
"1463" 81 15 26 0 0 38
"1464" 133 14 31 0 0 93
"1465" 51 12 29 0 1 32
"1466" 39 7 11 0 1 62
"1467" 64 7 35 0 0 38
"1468" 82 10 32 0 1 81
"1469" 67 10 23 0 1 91
"1470" 47 8 14 1 1 93
"1471" 191 7 41 0 0 38
"1472" 68 9 26 0 1 33
"1473" 84 14 18 1 1 93
"1474" 88 14 22 0 1 81
"1475" 81 19 15 1 1 93
"1476" 104 13 25 0 0 31
"1477" 76 9 43 0 0 62
"1478" 151 14 17 0 0 83
"1479" 114 7 25 0 0 61
"1480" 69 6 26 0 0 36
"1481" 96 11 26 0 0 61
"1482" 68 9 11 0 1 63
"1483" 98 16 21 1 1 93
"1484" 173 15 25 0 0 61
"1485" 65 7 36 1 1 72
"1486" 101 19 22 1 1 93
"1487" 110 14 28 1 1 93
"1488" 71 6 32 1 1 93
"1489" 71 8 31 1 1 93
"1490" 156 12 42 0 0 82
"1491" 74 13 22 0 1 61
"1492" 54 7 31 1 1 93
"1493" 71 10 34 1 1 93
"1494" 63 10 20 0 1 93
"1495" 87 24 9 0 0 93
"1496" 62 12 21 1 1 93
"1497" 68 10 14 1 1 93
"1498" 87 18 28 0 0 93
"1499" 81 7 40 1 0 71
"1500" 110 15 12 1 1 93
"1501" 123 14 23 1 0 50
"1502" 76 7 35 1 0 72
"1503" 95 17 13 1 1 91
"1504" 69 15 14 1 1 93
"1505" 104 17 18 1 0 93
"1506" 77 8 44 0 0 71
"1507" 59 11 24 0 1 62
"1508" 67 9 27 0 0 31
"1509" 115 13 17 0 0 37
"1510" 126 15 31 0 0 20
"1511" 69 7 44 1 0 93
"1512" 110 9 43 0 0 38
"1513" 58 12 22 0 1 93
"1514" 82 9 27 0 1 81
"1515" 69 8 11 0 1 62
"1516" 139 18 17 0 0 50
"1517" 84 8 30 0 0 71
"1518" 165 18 25 0 0 93
"1519" 54 10 14 1 1 93
"1520" 56 6 37 1 1 93
"1521" 82 10 25 1 1 93
"1522" 91 15 35 1 1 93
"1523" 67 7 40 0 1 93
"1524" 59 8 27 0 1 62
"1525" 80 15 24 0 1 93
"1526" 69 12 36 1 1 91
"1527" 133 18 25 1 0 93
"1528" 59 7 23 1 1 93
"1529" 59 8 40 0 1 31
"1530" 59 8 15 0 1 62
"1531" 74 14 33 1 1 93
"1532" 112 13 19 0 0 38
"1533" 78 16 19 1 1 82
"1534" 55 10 30 1 1 93
"1535" 69 7 33 0 0 38
"1536" 110 17 20 1 0 93
"1537" 69 9 47 0 0 31
"1538" 76 10 28 0 0 50
"1539" 76 7 31 1 0 71
"1540" 76 6 42 0 1 34
"1541" 93 12 27 0 1 50
"1542" 73 8 22 1 1 93
"1543" 68 10 31 1 1 50
"1544" 115 11 32 0 0 50
"1545" 178 9 40 0 0 82
"1546" 77 7 48 1 0 72
"1547" 68 8 27 0 0 30
"1548" 145 12 21 0 0 62
"1549" 81 8 7 1 1 72
"1550" 74 8 30 0 0 31
"1551" 64 13 19 0 0 83
"1552" 83 13 20 0 0 38
"1553" 96 20 20 1 1 93
"1554" 73 10 29 0 0 71
"1555" 74 6 37 0 0 33
"1556" 104 14 20 0 0 81
"1557" 88 8 28 0 0 61
"1558" 82 8 28 0 0 50
"1559" 78 9 39 0 0 35
"1560" 58 7 40 0 0 83
"1561" 84 15 27 0 1 50
"1562" 68 12 46 0 0 31
"1563" 67 6 46 0 0 32
"1564" 64 6 49 0 1 38
"1565" 106 12 28 0 0 38
"1566" 49 7 30 1 1 93
"1567" 59 7 38 1 1 82
"1568" 112 7 30 0 0 50
"1569" 71 10 20 0 1 62
"1570" 98 7 39 0 0 61
"1571" 82 10 22 0 0 91
"1572" 74 9 29 0 0 38
"1573" 80 13 32 0 1 93
"1574" 74 15 22 0 1 81
"1575" 84 14 18 1 1 93
"1576" 67 8 29 0 1 62
"1577" 56 7 38 1 1 93
"1578" 63 8 22 1 1 91
"1579" 92 7 46 0 0 12
"1580" 74 15 13 1 1 93
"1581" 81 11 27 1 0 38
"1582" 76 12 22 0 1 38
"1583" 104 7 34 0 0 71
"1584" 87 7 40 1 0 41
"1585" 73 12 23 0 1 93
"1586" 67 8 23 1 1 93
"1587" 202 16 17 0 0 83
"1588" 101 13 20 0 0 83
"1589" 115 10 28 0 0 81
"1590" 64 8 17 0 1 62
"1591" 67 11 17 1 1 93
"1592" 100 9 30 1 0 41
"1593" 125 9 40 0 0 50
"1594" 115 20 12 1 0 93
"1595" 238 17 17 0 0 81
"1596" 133 11 40 0 0 83
"1597" 73 10 29 1 1 93
"1598" 82 11 36 1 0 12
"1599" 100 15 23 1 0 93
"1600" 95 8 42 1 0 72
"1601" 73 12 9 1 1 93
"1602" 173 15 28 0 0 38
"1603" 69 7 39 0 1 62
"1604" 104 10 23 0 1 82
"1605" 51 9 29 1 0 92
"1606" 84 21 26 1 0 93
"1607" 69 7 30 0 1 71
"1608" 112 11 32 1 0 91
"1609" 71 12 16 0 1 35
"1610" 88 7 35 1 0 92
"1611" 63 14 21 0 1 93
"1612" 95 12 22 0 0 62
"1613" 77 17 23 1 1 93
"1614" 110 13 30 0 0 38
"1615" 58 7 35 1 0 38
"1616" 81 9 40 0 0 31
"1617" 126 13 21 0 0 50
"1618" 101 15 26 1 0 93
"1619" 84 10 43 1 1 72
"1620" 73 18 16 1 1 93
"1621" 73 12 29 0 0 38
"1622" 58 9 16 1 1 93
"1623" 59 9 25 0 1 62
"1624" 71 8 34 0 1 93
"1625" 81 14 19 0 1 93
"1626" 62 11 22 0 0 38
"1627" 95 13 22 1 0 93
"1628" 95 12 24 1 0 93
"1629" 59 8 23 1 1 93
"1630" 204 19 21 1 0 93
"1631" 74 7 35 1 0 50
"1632" 68 9 37 1 0 50
"1633" 55 8 43 0 1 32
"1634" 69 12 25 0 1 93
"1635" 76 6 50 0 0 71
"1636" 202 15 17 0 0 83
"1637" 37 9 26 0 1 93
"1638" 71 12 12 1 1 93
"1639" 67 11 23 1 1 91
"1640" 73 13 7 1 1 91
"1641" 87 15 33 1 0 91
"1642" 81 11 26 0 0 50
"1643" 48 9 23 1 1 93
"1644" 76 9 28 0 1 81
"1645" 64 12 20 1 1 93
"1646" 76 11 30 0 0 34
"1647" 68 8 27 0 1 71
"1648" 64 9 33 1 1 93
"1649" 68 13 17 0 0 50
"1650" 77 7 28 1 1 91
"1651" 133 19 31 1 0 91
"1652" 98 8 25 1 1 94
"1653" 200 14 22 0 0 50
"1654" 101 13 37 1 0 93
"1655" 58 9 27 0 1 30
"1656" 78 11 33 1 1 91
"1657" 180 23 13 1 0 93
"1658" 86 16 17 1 1 93
"1659" 144 10 30 0 0 81
"1660" 100 8 32 0 0 50
"1661" 110 15 39 0 0 50
"1662" 151 15 21 0 1 83
"1663" 71 14 20 1 1 82
"1664" 110 9 33 0 0 50
"1665" 59 8 20 1 1 93
"1666" 68 11 29 1 1 91
"1667" 126 10 24 0 0 62
"1668" 98 9 29 0 0 50
"1669" 80 7 30 1 1 93
"1670" 88 12 23 1 0 93
"1671" 78 7 37 0 0 38
"1672" 59 7 35 0 1 31
"1673" 62 7 24 0 1 83
"1674" 76 9 23 1 0 72
"1675" 56 8 26 1 1 71
"1676" 87 8 30 1 0 71
"1677" 126 17 20 0 0 37
"1678" 87 8 34 0 0 62
"1679" 76 8 34 0 0 50
"1680" 106 9 30 0 0 31
"1681" 73 10 47 1 0 83
"1682" 59 9 14 0 1 36
"1683" 68 9 17 1 1 72
"1684" 101 17 29 1 1 93
"1685" 64 9 25 0 0 38
"1686" 92 14 28 1 0 93
"1687" 136 17 34 1 0 71
"1688" 64 8 21 0 1 32
"1689" 95 7 29 0 0 50
"1690" 64 11 20 0 1 62
"1691" 82 10 28 1 0 72
"1692" 62 7 27 1 1 92
"1693" 80 8 31 1 1 63
"1694" 151 17 23 0 0 35
"1695" 68 6 35 1 1 93
"1696" 71 10 24 0 0 33
"1697" 189 14 28 0 0 82
"1698" 81 10 23 1 1 93
"1699" 84 8 27 0 0 71
"1700" 96 17 15 1 1 83
"1701" 96 9 28 0 1 34
"1702" 98 18 21 0 0 38
"1703" 63 9 35 0 0 62
"1704" 74 7 32 1 1 93
"1705" 58 7 46 0 0 50
"1706" 61 14 10 1 1 93
"1707" 58 8 30 0 1 32
"1708" 139 12 26 0 0 37
"1709" 78 13 22 1 0 94
"1710" 93 7 33 0 0 62
"1711" 61 7 35 0 0 50
"1712" 178 16 24 0 0 62
"1713" 118 13 18 0 0 38
"1714" 64 11 23 1 1 93
"1715" 101 16 32 1 0 93
"1716" 73 9 36 0 0 38
"1717" 98 18 33 1 1 93
"1718" 54 8 40 1 1 93
"1719" 112 15 20 1 1 93
"1720" 140 16 31 0 0 83
"1721" 73 9 33 1 1 81
"1722" 202 15 32 0 0 61
"1723" 81 8 45 0 1 82
"1724" 73 10 19 0 1 93
"1725" 87 13 19 0 0 72
"1726" 62 13 19 1 1 93
"1727" 87 7 42 0 0 38
"1728" 118 15 36 1 1 93
"1729" 67 7 22 1 1 93
"1730" 77 10 39 0 0 34
"1731" 272 14 35 0 0 81
"1732" 71 8 32 0 0 38
"1733" 76 7 35 0 0 12
"1734" 123 9 30 0 0 81
"1735" 110 17 22 1 1 93
"1736" 63 20 22 1 1 93
"1737" 82 14 30 0 1 81
"1738" 83 11 46 0 0 50
"1739" 69 7 48 1 0 11
"1740" 173 17 20 0 1 35
"1741" 112 17 14 0 0 71
"1742" 73 12 16 0 1 95
"1743" 133 18 17 1 0 93
"1744" 206 15 33 0 0 38
"1745" 87 11 29 0 0 38
"1746" 98 16 25 1 1 91
"1747" 101 12 21 0 1 83
"1748" 65 12 23 1 1 91
"1749" 82 15 18 1 1 93
"1750" 64 13 18 0 1 63
"1751" 87 13 30 0 0 34
"1752" 126 10 33 1 0 93
"1753" 96 10 27 1 1 93
"1754" 67 13 25 1 1 93
"1755" 144 13 25 0 0 41
"1756" 48 7 25 1 1 93
"1757" 54 6 41 1 1 63
"1758" 73 11 26 0 1 38
"1759" 68 12 40 0 0 12
"1760" 63 9 10 1 1 93
"1761" 82 13 20 1 1 93
"1762" 67 11 19 1 1 93
"1763" 64 9 11 0 1 37
"1764" 53 10 16 1 1 93
"1765" 87 7 25 0 0 34
"1766" 74 7 26 0 0 35
"1767" 103 7 34 0 0 62
"1768" 93 18 20 1 1 93
"1769" 67 7 37 0 0 11
"1770" 98 9 27 0 1 83
"1771" 91 9 25 1 1 93
"1772" 64 7 22 1 1 93
"1773" 76 6 38 1 0 50
"1774" 81 16 18 1 0 93
"1775" 67 7 36 1 1 93
"1776" 120 12 20 0 1 61
"1777" 76 10 26 0 1 81
"1778" 87 9 29 0 0 62
"1779" 76 8 36 0 0 61
"1780" 91 10 40 1 0 91
"1781" 96 10 32 0 0 61
"1782" 76 11 33 0 1 82
"1783" 68 6 40 1 1 93
"1784" 63 15 16 1 1 93
"1785" 103 19 20 1 0 93
"1786" 92 8 32 0 0 36
"1787" 62 12 18 1 1 93
"1788" 65 8 33 0 0 38
"1789" 101 13 26 0 0 38
"1790" 95 9 23 0 0 38
"1791" 104 16 16 0 0 35
"1792" 61 7 28 0 1 62
"1793" 67 18 21 0 0 93
"1794" 81 20 22 1 1 94
"1795" 82 11 22 0 1 93
"1796" 76 9 31 1 1 93
"1797" 207 16 20 0 0 62
"1798" 130 7 24 1 0 93
"1799" 87 19 15 1 1 93
"1800" 81 11 21 1 0 93
"1801" 56 11 18 1 1 91
"1802" 98 15 22 1 0 91
"1803" 81 7 39 0 0 63
"1804" 67 8 34 1 1 93
"1805" 67 9 40 0 1 71
"1806" 80 18 21 1 0 93
"1807" 67 11 34 0 0 34
"1808" 112 15 28 1 1 93
"1809" 109 8 27 0 0 61
"1810" 81 7 37 0 0 38
"1811" 101 8 35 0 0 38
"1812" 84 8 47 0 0 50
"1813" 83 7 32 0 0 35
"1814" 69 10 28 0 0 38
"1815" 98 7 34 0 0 34
"1816" 147 18 41 1 0 41
"1817" 71 8 44 1 0 50
"1818" 71 10 40 1 1 72
"1819" 59 10 11 1 1 93
"1820" 67 9 20 0 1 62
"1821" 81 7 40 1 0 94
"1822" 67 10 32 1 1 91
"1823" 121 17 43 1 0 91
"1824" 73 9 27 0 1 38
"1825" 65 7 33 0 0 38
"1826" 170 13 32 1 0 91
"1827" 59 7 36 0 1 62
"1828" 88 8 29 1 0 72
"1829" 64 15 25 0 1 62
"1830" 64 7 25 1 1 91
"1831" 100 10 31 0 0 50
"1832" 83 11 19 0 0 38
"1833" 88 10 23 1 0 91
"1834" 61 8 43 0 1 38
"1835" 74 13 16 1 0 93
"1836" 109 7 30 0 0 34
"1837" 67 8 21 1 1 93
"1838" 92 17 24 1 1 93
"1839" 64 11 23 1 1 72
"1840" 77 8 43 1 0 91
"1841" 68 9 43 0 0 31
"1842" 65 9 40 1 0 72
"1843" 89 8 44 1 0 71
"1844" 88 8 40 0 0 50
"1845" 80 10 22 0 1 81
"1846" 63 13 21 1 1 93
"1847" 74 19 9 1 1 93
"1848" 101 12 22 0 0 95
"1849" 62 10 14 0 1 50
"1850" 115 13 16 0 0 71
"1851" 78 9 33 0 1 62
"1852" 96 7 38 0 0 50
"1853" 88 12 37 1 0 71
"1854" 83 9 31 1 0 93
"1855" 82 15 17 1 1 93
"1856" 83 20 22 0 0 71
"1857" 64 9 8 1 1 93
"1858" 56 9 19 1 1 93
"1859" 69 9 26 1 1 93
"1860" 65 6 20 1 1 93
"1861" 61 10 17 1 1 93
"1862" 62 13 19 1 1 93
"1863" 78 8 28 1 1 72
"1864" 59 8 38 1 1 93
"1865" 126 10 32 0 0 61
"1866" 71 18 13 1 1 93
"1867" 109 13 22 0 0 33
"1868" 84 8 26 0 0 50
"1869" 105 15 21 1 0 91
"1870" 82 11 23 1 1 91
"1871" 74 12 20 0 0 34
"1872" 68 8 30 0 0 34
"1873" 59 7 25 1 1 93
"1874" 98 9 34 1 1 93
"1875" 69 9 26 0 0 71
"1876" 94 7 40 1 1 93
"1877" 98 10 37 1 0 93
"1878" 82 12 23 1 1 93
"1879" 77 9 30 1 0 71
"1880" 104 16 16 1 1 93
"1881" 88 18 14 1 1 93
"1882" 91 8 24 0 0 50
"1883" 98 14 18 1 0 72
"1884" 59 9 34 1 1 93
"1885" 71 7 37 0 0 38
"1886" 68 7 15 0 1 93
"1887" 80 13 20 0 0 38
"1888" 95 12 41 0 0 38
"1889" 37 8 18 0 1 62
"1890" 121 16 23 1 0 91
"1891" 121 8 23 0 1 62
"1892" 71 13 20 1 1 93
"1893" 67 12 23 1 1 93
"1894" 67 7 39 0 0 34
"1895" 95 21 19 1 0 93
"1896" 64 10 27 0 1 93
"1897" 40 8 24 1 1 93
"1898" 65 10 27 1 1 91
"1899" 67 13 19 1 0 93
"1900" 82 7 42 1 0 71
"1901" 101 16 17 1 0 91
"1902" 74 14 26 1 1 93
"1903" 76 10 29 1 1 93
"1904" 59 8 19 1 1 93
"1905" 94 18 20 1 0 93
"1906" 74 17 30 1 1 93
"1907" 115 15 23 1 0 71
"1908" 86 10 34 1 0 50
"1909" 120 14 43 0 0 93
"1910" 84 7 42 0 1 62
"1911" 82 14 39 0 0 38
"1912" 64 12 29 0 1 93
"1913" 94 19 30 1 0 93
"1914" 88 8 31 1 1 72
"1915" 91 12 23 0 1 81
"1916" 59 9 10 1 1 93
"1917" 101 17 38 1 0 93
"1918" 127 17 37 1 1 93
"1919" 76 11 36 1 1 91
"1920" 59 13 32 0 1 93
"1921" 98 12 34 0 0 38
"1922" 67 10 25 1 1 93
"1923" 127 18 22 0 1 81
"1924" 83 9 33 1 0 91
"1925" 71 8 25 0 0 62
"1926" 63 7 30 1 1 93
"1927" 91 10 36 0 1 82
"1928" 103 14 13 1 1 93
"1929" 100 12 40 0 0 50
"1930" 69 8 40 0 0 38
"1931" 64 10 13 1 1 93
"1932" 63 6 20 1 1 93
"1933" 81 10 30 0 0 71
"1934" 55 9 32 1 1 93
"1935" 68 11 30 1 0 32
"1936" 78 8 30 0 0 50
"1937" 71 11 24 0 1 50
"1938" 81 8 42 0 0 11
"1939" 115 14 16 1 1 93
"1940" 68 14 26 1 0 50
"1941" 56 8 27 1 1 93
"1942" 64 9 20 1 1 94
"1943" 62 7 19 0 1 31
"1944" 76 8 32 0 0 50
"1945" 115 7 40 0 0 35
"1946" 77 10 32 0 0 71
"1947" 65 11 30 0 1 34
"1948" 59 9 26 1 1 83
"1949" 68 9 23 1 1 72
"1950" 67 9 22 1 1 82
"1951" 87 7 26 1 1 93
"1952" 107 9 25 0 0 62
"1953" 64 10 22 0 0 71
"1954" 148 13 19 0 0 81
"1955" 56 7 22 1 1 93
"1956" 54 9 33 1 1 93
"1957" 42 8 32 0 0 32
"1958" 68 11 18 1 1 62
"1959" 64 7 26 1 1 93
"1960" 71 11 21 0 0 38
"1961" 115 17 35 1 0 93
"1962" 64 8 35 0 1 38
"1963" 98 13 23 1 0 72
"1964" 64 9 27 1 1 93
"1965" 67 16 12 1 1 93
"1966" 105 11 37 0 0 50
"1967" 92 10 36 0 0 35
"1968" 78 11 29 1 0 93
"1969" 59 9 25 0 1 62
"1970" 84 14 34 1 0 93
"1971" 86 9 29 1 1 93
"1972" 82 10 28 0 0 50
"1973" 78 14 24 1 1 93
"1974" 98 12 23 0 0 83
"1975" 73 10 20 1 1 93
"1976" 115 11 46 0 0 12
"1977" 76 6 42 1 0 50
"1978" 65 7 39 0 0 33
"1979" 98 17 25 1 0 72
"1980" 64 9 17 1 1 93
"1981" 53 8 20 1 0 95
"1982" 125 19 34 1 0 93
"1983" 92 8 41 0 0 61
"1984" 58 7 35 0 1 62
"1985" 104 18 22 1 1 93
"1986" 74 7 28 0 0 23
"1987" 63 9 29 1 1 93
"1988" 76 11 33 1 1 91
"1989" 91 8 22 0 1 34
"1990" 69 12 30 0 0 38
"1991" 98 12 16 1 1 93
"1992" 81 16 20 1 1 93
"1993" 74 11 24 1 1 72
"1994" 71 10 30 0 1 71
"1995" 51 12 18 0 1 93
"1996" 69 15 15 1 1 93
"1997" 74 9 42 0 1 61
"1998" 76 12 37 0 0 71
"1999" 68 9 26 1 1 91
"2000" 127 18 25 1 0 91
"2001" 123 10 30 0 0 50
"2002" 104 14 36 1 1 83
"2003" 78 14 42 0 0 38
"2004" 73 10 33 1 1 93
"2005" 86 11 25 0 0 31
"2006" 71 11 21 1 1 62
"2007" 87 15 14 1 1 93
"2008" 88 13 33 1 0 50
"2009" 95 12 28 1 0 91
"2010" 162 17 20 0 0 71
"2011" 71 8 18 0 1 33
"2012" 59 11 5 0 1 38
"2013" 71 14 20 0 0 38
"2014" 65 12 26 1 1 93
"2015" 56 7 29 0 1 62
"2016" 67 7 42 0 0 94
"2017" 162 13 25 0 0 38
"2018" 71 11 21 0 1 82
"2019" 178 11 46 0 0 38
"2020" 166 16 28 0 0 31
"2021" 65 8 35 1 1 93
"2022" 84 8 32 0 0 50
"2023" 71 8 27 1 0 71
"2024" 100 7 38 0 0 71
"2025" 145 12 21 0 1 83
"2026" 133 7 38 0 0 61
"2027" 74 9 18 1 1 93
"2028" 80 12 27 1 1 93
"2029" 104 15 20 1 1 93
"2030" 81 11 24 1 0 92
"2031" 67 11 14 1 1 93
"2032" 74 8 30 1 0 38
"2033" 74 11 24 1 0 93
"2034" 159 10 25 0 0 50
"2035" 94 17 20 1 0 91
"2036" 74 9 34 0 1 39
"2037" 68 10 30 0 0 35
"2038" 191 15 21 0 0 31
"2039" 71 11 23 0 1 83
"2040" 110 10 22 0 0 38
"2041" 92 12 20 1 0 72
"2042" 69 7 30 0 1 83
"2043" 88 16 20 1 1 93
"2044" 80 14 25 1 1 93
"2045" 71 19 12 1 1 82
"2046" 67 13 25 1 1 93
"2047" 29 8 16 1 0 91
"2048" 71 7 41 0 0 33
"2049" 84 8 36 1 0 91
"2050" 64 11 21 1 0 38
"2051" 105 7 42 0 0 50
"2052" 71 7 42 0 0 38
"2053" 126 17 22 1 0 93
"2054" 65 9 26 1 1 93
"2055" 51 8 49 1 0 83
"2056" 53 11 20 1 1 93
"2057" 76 14 24 1 0 93
"2058" 101 18 35 1 1 93
"2059" 73 7 47 0 0 94
"2060" 67 12 17 1 1 93
"2061" 98 12 24 0 0 34
"2062" 117 12 20 0 0 81
"2063" 148 14 18 0 0 81
"2064" 76 9 29 0 1 93
"2065" 74 11 24 1 1 93
"2066" 86 11 32 1 1 93
"2067" 139 15 29 0 1 83
"2068" 63 12 17 1 1 93
"2069" 67 8 20 0 1 71
"2070" 68 11 20 1 1 94
"2071" 101 10 34 1 1 93
"2072" 67 12 10 1 1 93
"2073" 106 11 30 1 0 72
"2074" 82 7 22 1 1 93
"2075" 64 10 22 1 1 93
"2076" 95 14 20 1 1 93
"2077" 51 7 36 0 0 33
"2078" 100 11 29 0 1 62
"2079" 69 7 38 0 0 11
"2080" 54 11 19 1 1 38
"2081" 59 12 25 1 1 94
"2082" 65 10 30 0 0 95
"2083" 64 8 25 0 0 62
"2084" 101 15 36 1 1 93
"2085" 62 19 23 1 0 94
"2086" 76 12 40 0 0 61
"2087" 161 15 29 0 0 83
"2088" 59 9 33 0 0 61
"2089" 68 7 28 1 0 11
"2090" 54 9 10 1 1 94
"2091" 78 10 36 0 1 38
"2092" 64 9 24 0 1 61
"2093" 104 17 24 0 1 81
"2094" 87 15 7 0 1 93
"2095" 110 13 26 0 0 50
"2096" 69 12 20 1 1 93
"2097" 115 7 30 1 1 93
"2098" 76 6 44 0 0 38
"2099" 63 8 10 1 1 93
"2100" 54 6 37 0 1 32
"2101" 77 6 45 1 0 50
"2102" 73 13 20 1 1 93
"2103" 73 15 22 1 1 91
"2104" 115 10 23 0 0 82
"2105" 92 14 37 1 1 93
"2106" 123 15 23 1 1 91
"2107" 81 7 25 1 1 93
"2108" 56 15 15 0 1 61
"2109" 74 9 21 1 1 72
"2110" 74 7 30 0 0 38
"2111" 71 14 22 1 1 93
"2112" 73 9 33 1 0 91
"2113" 125 13 15 1 1 93
"2114" 100 15 20 0 0 50
"2115" 83 14 22 0 0 93
"2116" 115 11 25 0 1 71
"2117" 55 9 11 0 1 63
"2118" 67 8 25 1 1 93
"2119" 76 15 31 1 0 93
"2120" 101 9 33 1 0 82
"2121" 71 13 20 0 0 61
"2122" 92 14 30 1 0 91
"2123" 62 8 34 0 1 62
"2124" 80 8 49 1 0 50
"2125" 105 14 36 1 0 91
"2126" 71 15 20 1 1 93
"2127" 89 14 21 0 1 81
"2128" 73 9 26 0 1 93
"2129" 71 18 18 1 0 93
"2130" 92 10 27 0 0 50
"2131" 131 13 20 0 0 50
"2132" 62 9 20 1 1 93
"2133" 64 13 29 1 1 91
"2134" 64 7 39 1 0 83
"2135" 101 15 25 1 1 93
"2136" 166 12 23 0 0 50
"2137" 67 15 45 0 0 37
"2138" 81 11 23 0 1 12
"2139" 83 7 17 1 1 93
"2140" 80 7 27 0 0 38
"2141" 73 8 37 0 0 38
"2142" 144 10 30 1 0 50
"2143" 100 7 37 0 0 50
"2144" 67 7 32 1 0 93
"2145" 87 7 33 0 0 50
"2146" 71 9 40 1 1 72
"2147" 104 10 29 0 0 61
"2148" 68 9 26 0 0 61
"2149" 88 10 34 0 1 81
"2150" 45 13 18 0 1 95
"2151" 68 7 18 1 1 93
"2152" 61 7 20 1 1 91
"2153" 87 12 21 0 0 38
"2154" 115 15 21 1 0 93
"2155" 64 15 8 1 1 93
"2156" 64 11 19 1 0 71
"2157" 62 7 27 0 1 62
"2158" 88 13 30 1 0 91
"2159" 101 15 25 1 1 93
"2160" 115 13 26 0 0 38
"2161" 98 11 22 0 0 83
"2162" 98 15 29 1 1 93
"2163" 59 11 21 0 1 62
"2164" 104 7 38 0 0 50
"2165" 74 10 31 0 1 61
"2166" 47 8 27 0 0 37
"2167" 61 12 18 1 1 91
"2168" 59 12 11 0 1 38
"2169" 58 10 2 1 1 38
"2170" 98 11 21 0 0 50
"2171" 67 12 21 1 1 93
"2172" 68 13 21 1 1 93
"2173" 115 15 15 0 0 61
"2174" 61 7 41 0 1 61
"2175" 73 7 46 0 0 62
"2176" 77 7 40 0 0 72
"2177" 58 13 20 1 1 93
"2178" 76 11 20 0 0 38
"2179" 71 8 25 0 0 83
"2180" 125 17 29 1 0 93
"2181" 130 15 29 1 1 93
"2182" 87 15 24 1 1 93
"2183" 81 14 28 1 1 93
"2184" 91 8 35 0 1 62
"2185" 74 6 43 0 0 35
"2186" 98 16 15 1 1 91
"2187" 94 17 20 1 1 93
"2188" 81 16 24 0 0 62
"2189" 58 10 18 1 1 93
"2190" 77 11 28 1 1 93
"2191" 54 7 15 1 1 93
"2192" 55 6 25 1 1 93
"2193" 81 11 42 0 0 38
"2194" 61 14 46 0 0 38
"2195" 64 8 16 0 1 61
"2196" 101 19 19 0 1 34
"2197" 64 10 32 1 1 93
"2198" 86 8 28 1 1 93
"2199" 76 14 17 1 1 93
"2200" 98 14 30 1 1 93
"2201" 73 7 30 0 0 62
"2202" 71 11 23 0 1 81
"2203" 71 14 27 1 0 83
"2204" 55 7 42 1 1 93
"2205" 163 19 15 0 1 83
"2206" 65 11 20 1 1 12
"2207" 115 11 26 0 0 50
"2208" 64 11 41 0 0 94
"2209" 56 7 35 0 0 33
"2210" 91 12 33 0 0 71
"2211" 78 17 25 0 0 38
"2212" 91 14 31 1 0 83
"2213" 106 8 30 0 0 50
"2214" 64 13 17 0 1 93
"2215" 54 11 10 1 1 93
"2216" 77 6 47 0 0 35
"2217" 64 13 40 1 1 93
"2218" 93 7 35 0 0 34
"2219" 58 8 29 0 1 34
"2220" 62 11 8 1 1 83
"2221" 56 10 33 1 1 91
"2222" 71 7 29 1 0 93
"2223" 92 18 15 1 0 50
"2224" 103 9 43 0 0 82
"2225" 64 9 16 1 1 93
"2226" 67 15 13 0 1 93
"2227" 73 7 30 1 1 93
"2228" 69 7 32 0 0 12
"2229" 64 8 29 1 1 94
"2230" 56 8 27 1 0 30
"2231" 68 13 30 1 1 93
"2232" 218 19 27 1 0 42
"2233" 62 12 11 1 1 93
"2234" 71 12 26 1 0 91
"2235" 132 14 15 0 0 93
"2236" 95 10 39 0 0 37
"2237" 101 13 36 1 0 93
"2238" 71 11 24 1 1 82
"2239" 80 8 32 0 0 38
"2240" 92 14 22 1 1 93
"2241" 64 8 19 0 1 95
"2242" 121 13 19 0 0 62
"2243" 94 13 23 1 0 91
"2244" 65 6 32 1 1 93
"2245" 76 8 32 1 1 72
"2246" 139 17 31 0 0 33
"2247" 81 12 23 0 0 38
"2248" 84 18 13 1 0 93
"2249" 76 9 30 1 0 50
